7618365777
1926802844
2705311777
191440312
310344664
2382203956
3642985985
2728400310
1859499680
374661169
152319217
160830
1320578126
47874966
3526227363
3585046222
3361808108
1362157200
2427194381
160034868
3259880559
1504087362
968729601
1609583024
1875362791
648179428
159996811
193837339
3196384809
1551498822
4926716353
366529825
1744517168
3281863646
3199775232
1066230478
393772123
1626106970
1579737505
2522640440
168944979
693788906
4177270143
161461353
359321502
1033994003
1566341791
4915498690
2704519809
1033994003
721559118
3565198256
5000609228
1095270595
66265481
197627851
164870392
1366239200
1569227200
206533670
13157351
124120063
759900780
77981249
464320400
4130886100
841084694
733593104
3223961
2416381177
628844627
851895276
481078209
1761720802
99424972
2846254
146586366
3351056993
2578053047
121466290
186671083
4160811643
1720497505
4406443256
267068829
53200174
3457777604
1441564946
1815366684
81919939
85091809
942324999
4560659187
113885746
3040770452
241773843
5171070192
1290227826
4910878776
785130926
365085395
4588937999
277693112
470587382
3663291530
91409805
129631535
536919789
70692
2757753648
1430831151
1641835240
1529011675
3152490714
1875362791
1801047520
370257353
914143490
1245331627
2992583225
2208368748
559874988
1568244030
135286789
527811644
324669680
527811644
148938589
1224852074
416236450
1738062517
2546964484
416615646
131494003
3148796467
693071317
95895142
728281738
445958629
5189965300
117723419
4994291709
1298910458
563810354
452541666
3445591401
635513019
24846224
1634750516
4628568977
296592356
3583406520
185614328
119231749
951026137
951026137
2657020490
4590901199
1467215867
2045431041
3657258950
862709186
358036071
3904779432
109946757
481969
98612322
1185263790
153949280
762193713
1076652228
74487145
930629385
115494415
5568574747
1111324567
334863574
4130886100
2784266026
4419459346
1213742319
1951085308
115173677
1516824760
2452515859
4428644716
1224648484
446531969
173049756
5156278224
106884963
103695886
433021425
36530076
917234132
450988786
3599926474
5228705061
2446906671
7311913890
80074303
2323907408
2323907408
